Width: 1000
Height: 1000
Generations: 50
966733203
1201798727
567015008
1641913726
732471238
586798439
561636838
752787654
765013466
2497264342
504645407
501311646
509207585
2234835588
574049799
752243140
621569184
592892293
608866015
625293947
832249796
3684986229
644958081
592953370
585847911
572280138
589832994
2843494763
611469408
602876245
612632833
599179090
591306302
585541595
588255751
3007356746
640109419
594231899
515629222
512391211
529185593
557792265
577828843
614048084
661028953
584305416
515982827
534292247
550960689
591152766
