Width: 1000
Height: 1000
Generations: 50
1458508836
562889295
653433140
667597548
665914506
663833091
659457406
676372681
420889531
502183481
679141820
694101195
714120809
745335046
707772225
478016357
507644470
689912541
689751201
693182665
710556521
552793548
519468124
682584233
710246288
711770032
737670522
550367696
687939752
729275009
698418473
543819730
530103025
704769633
706130156
491307709
527497515
712343604
704865146
546962774
546690310
721131153
701908893
462207459
542803091
735834988
721877646
719441622
707737308
545944768
