Width: 1000
Height: 1000
Generations: 50
937659950
1144430149
1278973063
1386256143
762589046
1903476237
755742286
620781466
662075649
2598192800
849961189
634992935
595507927
2577321686
853783314
566227241
589103544
2698691096
1145658014
717307124
846884195
2971532993
1069010695
840099657
752208162
794622389
673751994
3677432146
648608526
598971351
627195876
627560751
618732502
3536234390
660470353
622830485
618118040
626321829
678632732
3076453592
578358572
564227928
578990538
563618071
563704528
676140079
582087109
584386312
576628217
582562522
