Width: 1000
Height: 1000
Generations: 50
970840879
1320939150
485027859
1228281064
792287901
728801467
627779080
2098629747
843916871
625063410
525262226
2199578179
857671196
599432915
531077751
712267779
637428352
2793935172
581010390
495201152
506504816
497792356
783963192
2484893310
606269754
433572890
433446054
430531320
433100373
463170873
624535256
534590906
442119808
428953721
433336196
438353126
423021052
517902249
556303321
452376953
486545798
441703321
422376416
431187314
513776468
539530963
439373165
444384446
460218523
469515314
