Width: 1000
Height: 1000
Generations: 50
19020464913
19675695906
20227743020
20173620646
20211026390
18653573087
18991822839
19307966846
19130258480
18680622658
19038320297
19477912934
18656697892
18993788855
18623277004
18937299695
19425459361
19046832629
19173634584
19037472075
19011450824
18949767810
19186933038
19201026705
19377413254
19004309746
18857317574
19230006239
18918234948
19095408811
19070352202
19396531822
19481736014
18926135861
19389100259
19460565374
19393391507
19218548073
18973463752
18868424695
19205748250
19334717456
18629386278
19025939213
19013158203
18748470206
19070990968
19227446571
19020681905
19046210508
