Width: 1000
Height: 1000
Generations: 50
4357863684
2163004694
2097756265
2047284631
2095489197
2128402202
1941911235
1768843198
1793347781
1776725683
1763242478
1814847387
1784045645
1761810118
1798070289
1850195684
1891436469
1853654078
1827997970
1760820682
1783588692
1829013560
1778621198
1817158781
1776342819
1775743704
1772688740
1749293920
1838275564
1863946786
1809424964
1785065302
1866390812
2324763146
1973802343
1897290059
1821288195
1833424695
1811323349
1860094882
1803923333
1855699659
1788932339
1788274586
1770397480
1823661841
1852028390
1930782642
1856249390
1993938330
1910133722
1808163692
1828527172
1950426902
1886634841
1896470117
1832898302
1804551016
1845118462
1970141933
1885063247
1854232006
1854977674
1920430257
1889703102
1953326484
1888590452
1893970713
1942000538
1844663444
1877556376
1898326648
2078645549
1937253871
1910339229
1960143462
2056563149
2162423526
2101581398
2059087897
1932928182
1828792779
1859246068
2017952514
1799109004
1828185951
1774651579
1767436534
1809938257
1850769787
1876406546
1804167647
1851883867
1816256936
1860892289
1874274168
1810164173
1794674030
1832697249
1822155344
1799194806
1941149862
1820157910
1834218694
1880767032
1913094912
1815271640
1926241157
1848239832
1861787379
1890701422
1863410509
1828516003
1941329315
1806822776
1805642278
1772588632
1791029530
1831953932
1887274587
1820044629
1774829875
1761456490
1824329335
1898163924
1957203611
1832949471
1782873472
1769042102
1789892935
1849313904
1914944883
1819818713
1824834006
1787970507
1817882267
1805401904
1929073497
1825054234
1854773777
1808613987
1792033219
1864814342
1839128680
1951882811
1824246954
1768273706
1835736353
1778943470
1824190246
1806379509
1817590798
1749067467
1821656507
1786400883
1900297927
1845361026
1833598829
1793202175
1816420090
1820263277
1884462675
1884456692
1799315141
1807210896
1984525837
1981431182
1996857642
2231676496
1831059878
1753819774
1779197345
1766749655
1853430709
1789829355
1762793129
1761435768
1820243786
1776884783
1818597197
1800631790
1752410194
1763122399
1783293078
1830516162
1839128176
1799963922
1752592147
1763323577
1802333560
1798477542
1824772468
1915645998
1809081035
1827017873
1819226215
1825428716
1863696192
1906561521
1774564657
